3	1	60	2	5	1989	600	6	8	5	360		7				
4	1	48	4	4	2003	1000	15	0	360	360		8				
2	2	55	3	4	2011	700	15	15	360	100		7				
2	2	52	4	1	1995	390	7	20	360	0		5				
1	2	55	3	2	1996	450	10	5	360	50		5				
2	3	20	3	3	1998	600	12	20	360	0		6				
1	2	25	11	5	2008	945	20	10	360	360		16				
3	1	26	2	3	1998	4500	5	15	0	360		5				
1	2	26	1	4	1993	1000	5	20	0	160		5				
4	2	26	3	8	1988	500	4	4	360	160		11				
1	1	26	3	2	2008	380	0	0	5	0		5				
1	1	26	4	2	2007	750	1	0	50	360		6				 
1	2	27	3	2	1999	600	12	12	300	250		5				
2	1	27	6	1	2009	300	8	0	360	360		7				
5	1	27	2	4	1990	400	20	40	360	0		6				
1	1	27	4	3	2014	1100	7	14	360	0		7				
3	3	27	1	3	1999	120	4	9	360	0		4				
3	2	27	4	3	1978	220	8	0	360	0		7				
5	1	27	3	4	2018	375	5	50	360	360		7				
1	1	27	7	0	1984	500	300	50	360	0		7				
2	1	28	1	1	2016	600	0	0	360	0		2				
3	1	28	1	1	1989	200	1	2	360	360		2				
2	1	28	4	0	1987	350	10	150	360	360		4				
5	2	28	3	3	1984	200	2	0	360	0		6				
3	2	28	1	5	1999	400	90	120	360	360		6				
2	2	29	2	2	2015	400	6	4	360	360		4				
1	1	29	3	2	1990	1500	2	10	340	360		5				
5	2	29	7	2	2001	200	150	0	360	0		9				
5	1	29	1	1	2019	230	20	0	360	0		2				
2	1	30	3	2	2013	360	4	0	360	150		5				
4	4	30	2	1	2017	300	3	2	360	0		3				
2	2	30	2	2	1985	900	0	12	360	48		4				
4	2	30	2	3	1999	700	50	100	360	300		5				
2	1	30	1	2	2017	150	0	0	360	360		3				
2	3	30	2	2	1995	550	10	0	360	360		4				
4	1	30	1	2	1988	400	5	0	360	0		3				
4	3	30	2	2	2004	325	15	15	360	360		4				
2	1	30	3	5	2017	475	10	30	360	360		8				
2	1	30	3	3	2013	700	2	1	360	360		6				
1	1	30	4	2	2012	400	15	15	360	360		6				
1	2	30	3	3	2008	2000	12	43	360	100		6				
2	2	31	1	2	2015	250	3	5	360	360		3				
2	1	31	2	3	2002	400	10	0	360	0		5				
2	1	31	2	1	2014	300	10	0	360	0		3				
3	1	31	3	5	2017	400	1	0	360	0		8				
5	2	31	2	1	1994	750	2	2	360	0		3				
3	1	31	3	2	2008	560	20	10	360	360		5				
5	1	31	0	2	2004	500	20	15	360	0		2				
1	1	32	3	0	2013	300	5	0	360	360		3				 
1	2	32	5	3	2016	411	0	0	300	0		8				
2	2	32	0	0	2019	360	5	0	360	0		0				
2	2	32	4	2	2012	500	6	10	360	0		6				
2	3	32	1	3	2012	420	6	0	360	60		4				
1	1	32	2	2	2013	800	104	52	360	0		4				
2	1	32	2	1	2014	230	0	5	360	0		3				
4	3	32	3	5	2002	300	5	12	360	360		8				
5	1	32	3	2	2016	500	8	20	360	8		5				
4	1	33	3	2	1989	500	20	30	360	300		5				
1	1	33	0	1	2018	150	3	0	360	0		1				
2	2	33	3	1	2012	300	5	0	360	0		4				
1	1	33	2	1	1995	300	1	3	30	360		3				
2	1	33	0	3	2017	344	2	0	180	180		3				
2	1	33	2	1	2016	220	3	4	360	360		3				
3	3	33	5	4	2017	4200	20	50	360	0		9				
4	2	33	2	3	2001	300	30	5	300	200		5				
4	2	33	2	2	2013	750	30	20	360	360		4				
4	2	33	1	1	2019	480	20	0	360	300		2				
2	2	33	1	1	2016	700	3	6	360	52		2				
2	2	33	0	0	2019	250	20	0	360	0		0				
2	2	33	5	5	1990	1000	30	70	300	10		10				
2	1	34	1	3	2014	375	10	10	360	0		4				
2	1	34	2	2	2018	150	1	0	360	0		4				
4	1	34	4	4	2014	1100	4	0	360	360		8				
2	2	34	2	2	2015	180	10	0	300	0		4				
5	1	34	4	2	2010	625	1	12	12	360		6				
1	2	34	1	1	2009	500	45	100	360	30		2				
5	2	34	3	6	1989	2000	300	12	360	0		9				
2	1	34	6	4	2014	800	52	0	360	360		10				
4	2	34	1	2	1992	500	12	8	360	0		3				
2	2	35	0	2	2017	600	2	2	360	360		2				
2	1	35	2	2	2018	500	1	5	360	30		4				
2	1	35	2	5	2017	300	0	10	360	0		7				
5	3	35	5	5	1979	400	30	30	360	180		10				
2	1	35	7	5	1989	500	0	0	360	0		12				
2	1	35	2	2	1999	200	200	0	360	0		4				
2	2	35	3	2	2016	300	24	24	360	0		5				
2	3	35	4	3	2015	575	10	50	360	0		7				
5	2	35	0	0	2013	450	0	0	360	0		0				
4	2	35	3	1	2013	500	360	2	48	12		4				
2	1	35	5	1	2012	350	2	0	360	360		6				
2	2	35	2	2	1981	900	50	50	360	360		4				
3	1	35	2	3	2004	300	360	360	360	0		5				
4	4	35	3	1	2008	600	120	100	360	0		4				
3	1	35	3	1	2017	300	20	20	360	360		4				
4	2	35	6	8	2008	600	20	40	360	360		14				
5	3	35	0	4	1993	500	50	150	360	0		4				
4	3	35	2	2	2015	600	4	3	360	30		4				
4	1	35	2	1	1998	600	15	0	360	0		3				
2	2	35	3	4	2010	600	20	10	360	0		7				
3	1	36	4	5	2008	390	5	10	360	250		9				
5	1	36	4	2	2013	250	0	6	360	0		6				
4	1	36	1	3	2001	300	15	60	360	200		4				
2	1	36	4	1	2017	200	5	40	360	100		5				
4	1	36	3	2	2013	288	2	5	360	0		5				
2	3	36	1	1	2012	985	20	0	360	300		2				
2	2	36	4	5	2013	500	10	10	360	5		9				
1	1	36	3	4	2017	866	11	50	360	360		7				
4	2	36	3	3	2017	400	30	20	250	360		6				
3	2	36	3	1	1990	400	5	8	360	0		4				
3	3	36	7	5	2017	300	30	100	360	360		12				
4	2	36	3	5	2013	300	4	12	360	0		8				
3	1	37	1	1	1994	600	3	3	360	180		2				
2	2	37	1	3	2018	375	12	0	300	300		4				
2	1	37	4	2	2009	150	1	0	360	0		6				
4	1	37	4	1	1982	450	6	6	360	100		5				
1	1	37	4	1	2008	1500	44	60	360	360		5				
2	1	37	3	1	2018	420	2	6	360	0		4				
2	2	38	4	2	2016	315	200	0	200	0		6				
2	1	38	2	1	2016	500	25	270	360	150		3				
4	1	38	3	4	1985	3000	100	50	360	360		7				
3	2	38	3	3	2015	400	0	20	360	360		6				
2	3	38	1	3	2010	400	9	0	360	0		4				
5	1	38	3	2	2018	600	23	16	360	360		5				
5	4	39	4	1	2017	350	30	20	300	360		5				
2	1	39	3	2	2015	800	20	10	360	0		5				
2	2	39	4	3	2016	560	8	0	40	50		7				
2	1	39	5	1	2014	450	5	0	360	20		6				
2	1	39	3	1	2016	300	6	2	360	360		4				
1	4	39	1	1	2010	7000	22	30	360	15		2				
2	2	39	7	5	1997	1000	100	300	250	360		12				
4	1	39	1	2	2015	390	3	1	100	360		3				
3	1	39	2	3	2009	375	5	0	3	0		5				
2	1	39	2	3	2011	500	360	1	360	0		5				
4	1	39	3	2	2004	750	20	0	360	360		5				
2	2	40	4	2	2011	300	1	0	10	0		6				
1	1	40	1	2	1991	648	4	4	360	0		3				
2	2	40	5	2	2010	350	100	200	360	360		7				
3	2	40	4	2	1994	500	52	12	360	360		6				
4	1	40	3	4	2008	600	45	20	360	200		7				
2	1	40	3	2	2004	350	20	5	360	0		5				
1	1	40	3	3	1983	450	3	5	7	20		6				
2	1	40	2	2	2013	312	2	0	360	0		4				
1	1	40	2	1	2018	300	2	2	360	360		3				
5	1	40	3	3	2013	900	4	48	200	0		6				
2	1	40	2	3	2014	400	5	0	360	0		5				
2	1	40	2	2	2016	450	2	0	50	250		4				
1	1	40	2	3	1989	600	5	0	360	360		5				
2	1	40	5	2	2005	250	5	0	360	0		7				
2	1	40	2	2	2008	450	20	30	360	360		4				
5	2	40	8	5	1990	300	50	30	360	0		13				
2	2	40	3	3	2004	312	10	60	360	200		6				
4	2	40	4	2	2000	600	20	10	360	90		6				
4	2	40	2	4	2004	300	1	29	360	0		6				
2	3	40	7	3	2004	800	100	10	360	0		10				
4	3	40	2	1	2015	425	30	30	360	90		3				
1	1	40	4	2	2012	4000	4	6	360	340		6				
4	2	40	3	6	1994	409	4	6	0	0		9				
1	4	40	2	2	1979	520	1	1	360	360		4				
2	1	40	2	4	2012	400	14	0	360	270		6				
4	3	40	2	5	2007	350	300	30	360	360		7				
2	2	40	5	2	2009	2400	1	8	360	360		7				
3	1	40	2	3	1989	600	15	0	360	0		5				
2	2	40	5	2	2015	300	360	0	360	0		7				
4	1	40	3	2	2016	350	200	100	360	360		5				
4	1	40	2	1	2010	250	20	50	360	200		3				
2	1	40	5	5	2010	700	100	35	52	200		10				
4	2	40	6	4	2013	450	4	4	360	0		10				
2	1	40	4	3	2004	500	4	0	360	5		7				
2	1	40	3	3	2009	360	2	2	2	0		6				
2	1	41	7	3	1984	9500	48	70	360	360		10				
4	1	41	2	3	2009	800	3	0	360	100		5				
2	2	41	2	2	2014	406	50	5	360	0		4				
2	1	41	5	2	1994	400	10	0	360	10		7				
4	1	41	3	3	2016	250	6	0	360	180		6				
5	2	41	3	4	2014	459	20	13	360	360		7				
5	1	41	2	4	2008	350	150	250	360	150		6				
2	2	41	1	3	2018	300	4	0	360	360		4				
2	3	41	2	2	2012	450	2	0	360	0		4				
4	4	41	2	3	2017	550	8	14	360	36		5				
2	1	42	3	3	2009	3500	2	4	360	360		6				
1	1	42	2	2	2005	200	50	200	360	100		4				
5	2	42	2	3	2014	400	3	9	360	0		5				
2	2	42	3	4	2002	730	4	4	10	360		7				
5	1	42	2	4	1989	500	30	50	360	0		6				
2	3	42	3	4	2013	550	100	50	360	360		7				
5	1	42	3	2	2011	450	2	1	300	300		5				
2	4	42	3	2	1983	500	50	50	360	360		5				
2	1	42	3	4	2016	400	50	60	360	300		7				
4	1	42	2	4	2012	400	1	0	360	150		6				
1	2	42	5	5	1989	500	150	10	350	250		10				
2	3	42	3	3	1978	450	100	200	100	360		6				
2	1	43	3	5	2018	450	2	0	350	6		8				
5	1	43	6	3	2012	700	8	4	360	360		9				
2	2	43	3	1	2008	300	10	20	360	0		4				
4	1	43	4	4	1989	370	5	5	360	230		8				
2	3	43	2	2	2015	875	3	5	0	60		4				
2	1	43	3	4	2015	550	8	0	360	0		7				
3	1	43	11	3	2004	400	25	33	360	0		14				
3	1	43	2	4	1996	476	15	25	360	0		6				
2	2	43	4	1	2000	5000	360	30	360	360		5				
2	2	43	4	3	2015	700	20	10	360	100		7				
5	1	43	4	3	1979	500	44	32	360	360		7				
1	3	44	5	2	2002	600	300	0	360	0		7				
2	2	44	4	3	2013	315	5	6	360	0		7				
1	1	44	4	4	2017	3000	12	12	180	0		8				
4	1	44	1	4	2017	370	3	10	360	0		5				
2	1	44	1	5	2008	800	150	200	360	360		6				
1	1	44	2	4	2013	300	50	40	360	0		6				
4	3	44	6	2	1992	900	15	15	50	360		8				
5	2	44	2	4	2018	250	8	0	360	6		6				
5	3	44	4	3	2014	250	3	7	360	50		7				
2	1	44	1	5	2008	800	150	200	360	360		6				
4	1	44	6	1	2008	750	360	360	360	360		7				
2	2	44	3	0	2013	400	300	200	360	60		3				
5	1	45	3	4	1996	600	1	0	360	360		7				
2	2	45	2	4	2018	350	2	2	360	360		6				
3	1	45	3	6	2014	360	2	52	360	360		9				
3	2	45	2	4	2018	375	3	10	360	360		6				
2	1	45	8	4	2004	700	4	0	340	0		12				
2	4	45	4	2	2014	440	15	0	360	360		6				
5	2	45	7	5	2014	450	10	9	360	0		12				
2	2	45	4	0	2014	450	24	0	360	360		4				
1	1	45	5	4	2009	600	100	50	360	200		9				
5	3	45	2	2	2003	300	2	2	360	0		4				
3	2	45	2	7	2014	250	360	52	360	0		9				
5	1	45	5	3	2016	600	3	12	360	4		8				
5	3	45	2	2	1999	400	0	17	360	0		4				
5	2	45	4	3	2018	375	20	50	360	360		7				
4	1	45	3	7	2007	599	20	100	80	90		10				
3	1	45	3	3	1990	900	12	12	360	0		6				
4	1	45	3	3	2005	300	2	0	360	360		6				
3	3	45	6	3	2016	600	8	15	360	360		9				
4	3	45	4	4	2015	200	10	20	360	360		8				
4	1	45	7	5	2013	600	10	15	360	360		12				
2	4	45	1	2	2007	300	1	14	360	360		3				
1	2	45	1	2	2011	200	30	6	360	0		3				
1	1	45	6	2	2005	400	30	90	360	300		8				
1	1	45	8	4	2014	750	6	100	360	250		12				
4	1	45	1	1	2014	1100	2	10	360	5		2				
5	2	46	4	3	2014	430	10	10	360	0		7				
4	3	46	4	1	2012	350	4	7	360	360		5				
2	2	46	3	2	2008	312	15	25	40	20		5				
4	1	46	2	5	2018	1200	5	16	360	4		7				
4	1	46	5	5	1989	380	52	52	360	360		10				
2	1	46	3	2	2007	312	30	0	40	0		5				
3	3	46	2	5	2009	400	8	12	200	0		7				
2	1	46	3	3	2018	322	7	10	250	100		6				
2	1	47	0	5	2015	375	5	6	360	120		5				
2	1	47	3	3	2013	875	12	8	360	100		6				
2	1	47	3	3	2013	350	4	0	360	5		6				
2	3	47	3	3	2011	500	5	0	360	0		6				
2	1	47	1	1	2010	300	0	0	360	0		2				
2	1	47	2	1	2007	720	1	2	360	0		3				
2	2	47	2	0	2014	900	24	50	360	0		2				
3	1	47	5	2	2003	400	5	3	350	100		7				
1	2	47	6	2	2014	400	6	15	200	300		8				
1	2	47	6	2	2014	400	6	15	200	300		8				
4	2	47	0	3	2007	400	12	48	48	48		3				
4	2	47	3	4	1998	400	360	0	360	0		7				
2	2	47	3	3	2014	250	20	3	0	10		6				
2	3	47	4	3	2013	250	6	0	360	0		7				
2	1	47	2	4	2018	400	6	16	360	0		6				
2	2	47	3	3	2013	439	12	2	360	100		6				
1	1	47	7	3	1990	576	12	360	360	360		10				
2	2	47	1	3	2010	450	60	70	360	40		4				
4	1	47	4	2	1994	750	1	10	360	360		6				
2	2	47	2	4	2013	500	4	1	360	0		6				
2	3	47	6	2	2016	355	12	0	360	250		8				
2	1	47	4	4	2019	500	12	12	360	360		8				
4	2	48	8	5	2015	250	3	3	360	0		13				
2	1	48	2	2	2013	500	5	1	360	360		4				
5	1	48	4	2	2012	1000	4	1	1	20		6				
5	1	48	2	1	2013	300	30	20	360	0		3				
2	1	48	3	4	2010	700	12	5	360	10		7				
2	1	48	4	3	2010	500	8	0	360	0		7				
1	1	48	6	2	1989	400	96	0	360	0		8				
4	2	48	4	5	1980	500	5	30	360	40		9				
4	1	48	4	3	1979	300	10	6	360	0		7				
2	1	48	3	3	2013	300	10	5	360	0		6				
3	2	48	0	5	2003	650	15	5	360	360		5				
4	2	48	3	4	2016	500	0	30	360	0		7				
3	2	48	3	6	1978	800	150	0	360	260		9				
5	2	48	2	2	2012	350	3	4	360	50		4				
4	2	48	3	6	2005	375	1	0	360	360		9				
2	2	48	8	5	2010	400	0	70	360	0		13				
3	1	48	3	3	1984	480	8	8	360	0		6				
5	3	48	4	2	2015	500	3	2	50	360		6				
5	3	48	4	2	2015	500	3	2	50	360		6				
1	4	49	3	5	2007	550	9	14	340	9		8				
2	4	49	3	4	2000	325	4	2	360	0		7				
2	1	49	3	1	2001	500	15	30	360	0		4				
2	2	49	3	4	2007	600	4	25	360	150		7				
1	3	49	2	4	2014	240	10	15	360	0		6				
5	3	49	4	4	2009	10000	100	100	360	0		8				
2	1	49	2	1	2015	350	50	100	360	0		3				
5	2	49	3	4	1989	315	0	0	360	0		7				
2	1	50	3	3	2005	500	5	100	360	150		6				
2	2	50	2	2	2007	500	150	0	360	100		4				
4	1	50	4	2	2013	450	20	50	360	360		6				
2	1	50	3	3	2005	500	50	100	360	200		6				
4	2	50	2	0	2013	500	1	0	360	0		2				
2	2	50	4	0	2006	800	5	4	360	10		4				
2	2	50	2	5	1997	200	5	0	360	0		7				
2	1	50	3	4	2007	350	150	80	360	250		7				
1	2	50	3	2	2006	1000	25	10	360	200		5				
5	3	50	3	3	2009	350	15	25	360	360		6				
2	2	50	1	5	1999	700	4	12	360	300		6				
4	4	50	7	3	1986	550	200	200	360	0		10				
2	1	50	7	4	2014	300	5	0	360	0		11				
1	1	50	5	3	2008	500	3	0	360	4		8				
2	1	50	3	3	2004	400	156	0	360	0		6				
2	1	50	3	3	2016	500	8	10	360	360		6				
1	2	50	1	4	1998	240	8	8	40	0		5				
2	1	50	3	3	2008	300	1	0	360	200		6				
2	1	50	8	4	2010	500	15	30	200	100		12				
2	1	50	1	2	2005	600	20	20	360	20		3				
1	1	50	3	2	1994	500	52	0	360	0		5				
4	1	50	5	4	2014	1600	20	0	360	360		9				
4	1	50	4	3	2019	600	30	10	360	360		7				
3	1	50	4	5	1990	600	60	100	360	0		9				
1	1	50	3	4	1999	480	360	360	360	75		7				
1	2	50	4	3	2006	375	15	10	360	360		7				
5	1	50	3	4	1999	600	1	0	360	360		7				
1	1	50	4	3	2012	350	4	20	360	4		7				
5	2	50	2	4	2018	400	3	20	360	0		6				
1	1	50	0	2	1994	300	4	360	360	0		2				
4	1	50	4	4	2002	450	7	10	360	0		8				
4	2	50	6	3	2000	500	50	0	360	0		9				
3	1	50	5	2	2011	500	24	30	360	20		7				
2	1	50	3	4	2012	700	20	8	360	50		7				
2	3	50	1	1	2017	400	1	3	360	60		2				
1	1	50	6	1	2005	600	2	5	360	0		7				
1	1	50	7	4	2016	300	120	240	360	0		11				
4	1	50	3	4	2014	450	20	0	360	360		7				
3	2	50	4	3	1999	650	5	0	360	200		7				
1	2	50	3	2	1997	300	40	0	360	0		5				
4	3	50	3	6	2004	850	1	5	6	0		9				
3	1	50	3	7	1983	190	10	6	360	0		10				
1	2	50	5	3	1999	500	200	200	360	360		8				
4	1	50	5	2	2011	250	52	0	360	0		7				
2	1	50	5	3	2012	300	20	0	360	0		8				
5	1	50	4	4	1989	400	3	5	360	360		8				
2	1	50	2	4	2010	450	50	0	300	0		6				
4	1	50	3	8	2013	450	4	20	360	200		11				
2	3	50	2	4	2011	300	360	0	360	52		6				
2	2	50	5	2	2013	600	50	150	360	360		7				
2	4	50	2	2	1974	370	10	0	10	0		4				
4	1	50	3	3	1994	300	100	0	360	360		6				
5	1	50	3	3	2014	450	1	0	80	360		6				
3	2	50	5	3	1998	250	1	0	360	300		8				
4	2	50	3	4	2001	430	10	30	360	360		7				
2	2	50	5	1	2010	500	2	10	360	10		6				
5	2	50	3	3	2010	700	3	3	360	360		6				
2	1	50	7	3	2000	500	2	0	360	300		10				
4	1	50	3	4	2005	300	4	52	360	300		7				
5	2	50	6	3	2017	750	5	5	360	360		9				
2	2	50	2	4	2005	400	3	0	360	0		6				
1	1	50	3	5	2000	400	0	4	360	200		8				
2	2	50	1	1	2013	412	6	20	360	4		2				
1	1	50	4	3	2013	275	2	0	360	0		7				
2	1	50	2	5	2004	500	10	5	360	360		7				
2	1	50	2	2	2011	480	1	360	100	360		4				
2	2	50	2	4	2012	600	5	20	360	360		6				
2	2	50	4	3	2010	500	16	360	360	360		7				
5	1	50	3	4	1999	500	5	50	360	360		7				
2	2	50	3	4	2007	750	10	5	360	10		7				
5	1	50	4	5	2009	500	5	1	360	50		9				
2	2	50	3	3	2013	2360	250	250	360	360		6				
2	1	50	4	3	2012	400	4	5	250	100		7				
4	1	50	5	3	2003	300	10	0	360	0		8				
3	2	51	10	3	2008	600	25	60	360	50		13				
2	1	51	3	6	2011	6000	52	24	360	360		9				
2	1	51	3	6	2010	6000	36	24	360	300		9				
2	2	51	3	1	2017	500	5	9	360	0		4				
1	2	51	4	2	2000	300	2	0	360	0		6				
2	2	52	2	5	2007	450	5	0	360	360		7				
2	2	52	2	5	2007	450	6	0	360	220		7				
1	1	52	5	3	1970	1700	10	10	360	360		8				
2	1	52	5	5	2003	479	22	18	360	14		10				
3	1	52	4	3	1999	760	2	70	360	360		7				
5	2	52	2	5	2001	500	40	30	360	360		7				
4	1	52	4	5	1989	400	15	20	3	200		9				
3	3	52	2	3	2013	450	2	5	360	20		5				
1	2	52	3	3	1979	150	100	0	360	0		6				
2	1	52	5	3	2013	800	15	6	360	40		8				
5	3	52	4	0	2013	400	1	10	250	0		4				
2	1	52	10	8	2015	630	6	42	360	6		18				
2	2	52	2	2	2008	1200	3	12	360	360		4				
2	2	52	4	4	2009	700	30	20	360	200		8				
4	1	52	7	6	2004	750	30	30	360	0		13				
2	4	53	2	2	1997	4601	1	5	360	0		4				
2	4	53	1	6	2008	406	3	40	100	270		7				
4	1	53	5	3	1991	500	4	4	360	360		8				
2	4	53	1	6	2008	406	3	40	100	270		7				
1	3	53	4	4	2014	400	15	50	360	0		8				
2	1	53	1	4	2003	500	8	8	360	0		5				
4	2	53	6	4	2011	650	120	36	180	360		10				
5	2	53	6	2	1999	450	10	0	360	360		8				
2	1	53	4	1	2013	238	10	7	360	180		5				
3	3	53	3	4	2017	700	50	30	100	60		7				
3	1	53	4	5	2008	500	3	30	360	260		9				
2	2	53	4	2	2001	400	4	1	130	0		6				
4	1	53	5	3	1996	400	2	9	360	360		8				
4	1	53	2	2	2009	330	4	10	360	360		4				
2	1	53	5	2	2008	320	12	4	150	180		7				
2	1	53	6	3	2012	200	4	4	360	2		9				
2	1	53	4	4	2016	500	12	3	360	180		8				
1	2	53	5	8	2005	375	20	1	360	0		13				
4	2	53	7	2	2001	500	2	3	360	300		9				
2	2	53	2	3	2013	1800	10	15	360	360		5				
2	2	54	6	2	2012	400	7	20	3	9		8				
5	1	54	2	1	2006	375	20	20	360	0		3				
4	1	54	5	3	2004	900	4	10	360	90		8				
1	1	54	3	1	2009	400	150	0	360	0		4				
5	3	54	3	5	1994	2000	100	0	360	50		8				
2	2	54	7	3	1994	350	20	50	360	360		10				
2	1	54	6	4	1999	600	5	5	5	20		10				
2	3	54	1	4	2010	750	6	9	30	360		5				
2	2	54	4	4	2010	365	3	2	360	0		8				
5	1	54	3	2	1988	500	4	4	360	0		5				
1	2	54	7	3	2007	450	10	0	360	360		10				
2	1	54	0	6	2009	600	1	4	360	360		6				
5	1	54	3	5	1998	400	8	0	300	250		8				
5	1	54	6	6	1998	400	20	50	360	0		12				
1	1	54	3	4	2013	1900	360	80	360	0		7				
2	1	54	4	4	2011	580	20	15	39	50		8				
2	2	54	4	4	2012	580	10	10	360	200		8				
2	2	54	3	4	2016	700	1	0	180	360		7				
1	2	55	3	0	1984	570	4	10	300	150		3				
1	2	55	3	2	1999	850	30	50	360	360		5				
2	2	55	2	5	2004	725	7	48	360	360		7				
2	1	55	8	2	1999	700	2	0	360	140		10				
1	2	55	4	3	2000	800	10	30	50	50		7				
4	1	55	4	2	2017	1800	2	1	360	360		6				
2	2	55	5	2	2012	450	30	2	360	150		7				
3	2	55	3	4	2017	900	4	7	360	150		7				
2	2	55	3	5	2001	500	5	25	360	10		8				
1	1	55	2	6	1999	2000	100	360	360	0		8				
4	2	55	3	5	2016	800	5	13	360	360		8				
4	2	55	8	6	2007	900	1	3	360	360		14				
2	1	55	1	6	2007	450	10	3	360	0		7				
2	1	55	4	4	1998	700	17	10	360	0		8				
2	1	55	2	4	1999	600	104	0	360	0		6				
2	1	55	2	7	2005	500	12	0	360	0		9				
2	4	55	9	6	2008	2500	100	30	360	100		15				
2	1	55	5	4	2014	900	60	100	360	360		9				
4	1	55	6	4	1989	500	40	20	360	0		10				
2	2	55	3	3	1994	450	5	7	360	0		6				
1	1	55	6	3	2010	600	3	2	360	200		9				
4	2	55	2	7	2016	360	4	12	360	360		9				
4	1	55	4	5	1994	1000	25	15	360	360		9				
4	2	55	5	3	2005	750	80	50	360	360		8				
4	1	55	6	8	2006	700	4	5	360	360		14				
2	1	55	4	2	2004	700	360	20	360	360		6				
3	2	55	3	3	2012	750	10	70	360	0		6				
2	1	55	4	2	2001	700	2	4	360	100		6				
2	3	55	2	5	2009	300	4	2	360	0		7				
1	1	55	4	3	2011	900	10	15	360	0		7				
2	3	55	3	2	2000	700	3	3	150	0		5				
5	1	55	3	6	2016	400	12	6	360	0		9				
5	1	55	3	3	2002	500	5	50	360	360		6				
2	1	55	9	7	1989	600	2	10	360	360		16				
3	2	55	3	4	2015	550	20	360	360	360		7				
3	1	55	3	4	1996	440	2	5	360	360		7				
5	2	55	3	7	2009	675	4	8	360	30		10				
4	1	55	4	6	2011	900	20	20	360	0		10				
2	1	55	6	3	2008	700	30	12	360	0		9				
2	2	55	5	1	1995	450	30	0	360	360		6				
2	2	55	2	3	2016	425	35	25	360	15		5				
2	1	55	5	4	1986	330	25	0	360	0		9				
4	1	55	4	4	2003	484	6	3	360	2		8				
2	1	55	8	2	2011	500	30	0	100	100		10				
2	1	55	3	4	2012	375	30	30	360	10		7				
2	2	55	2	7	2018	500	20	30	360	0		9				
1	1	55	5	0	2018	1300	1	1	100	200		5				
2	2	55	3	4	2006	750	15	0	360	0		7				
3	2	55	7	2	1984	300	1	1	360	12		9				
2	2	55	6	2	2013	750	6	6	360	360		8				
3	1	55	5	3	2016	400	6	15	360	0		8				
2	2	55	1	2	1987	450	5	0	360	200		3				
4	2	55	2	3	2005	340	1	0	360	0		5				
5	1	55	4	6	2017	450	5	20	360	200		10				
2	2	56	5	3	2014	800	0	50	20	360		8				
2	1	56	3	3	2009	400	6	12	360	0		6				
2	1	56	3	3	1999	300	2	4	360	0		6				
2	3	56	4	2	1997	300	360	0	360	0		6				
1	1	56	2	5	2013	1300	50	80	360	50		7				
5	2	56	3	4	1998	450	4	10	360	30		7				
4	2	56	6	3	2008	340	20	0	360	0		9				
2	2	56	1	5	2007	400	6	52	360	0		6				
2	1	56	1	3	2011	400	5	5	360	0		4				
2	3	56	4	4	2015	600	50	30	360	360		8				
2	2	56	2	5	1996	850	20	20	20	360		7				
4	1	56	5	4	2002	423	20	20	360	360		9				
2	2	56	7	1	2003	1200	2	6	360	100		8				
2	1	56	3	6	2002	550	10	0	300	300		9				
4	2	56	5	4	1999	700	360	360	360	360		9				
4	2	56	4	3	2000	600	200	0	360	0		7				
3	1	56	4	6	1999	900	12	20	360	360		10				
2	1	56	2	3	1989	650	30	0	360	150		5				
1	1	56	3	5	2007	500	12	12	360	0		8				
2	3	56	4	2	1998	300	360	0	360	0		6				
4	2	56	7	2	2008	780	7	10	360	0		9				
2	3	56	3	4	2009	1000	20	30	40	360		7				
2	1	56	3	3	2003	425	36	24	300	1		6				
4	1	57	6	6	1989	390	250	300	360	0		12				
2	1	57	3	4	2006	1000	8	20	360	0		7				
3	1	57	6	4	1998	900	20	15	360	280		10				
2	2	57	3	4	2010	300	10	30	360	0		7				
4	1	57	5	1	2006	260	6	0	360	180		6				
4	1	57	3	3	1998	1250	1	0	360	0		6				
2	2	57	2	1	2009	620	10	0	360	0		3				
2	2	57	3	3	2011	1200	2	6	360	160		6				
5	1	57	2	6	2004	1100	18	0	360	30		8				
2	3	57	4	7	2007	500	25	35	360	0		11				
3	2	57	3	2	1998	210	95	300	360	0		5				
3	2	57	3	4	2004	400	1	1	0	0		7				
3	2	57	4	5	2019	600	30	40	360	250		9				
4	1	57	6	3	1999	625	10	5	360	0		9				
1	1	57	3	2	2018	700	0	1	360	180		5				
5	2	57	3	4	2014	450	8	11	340	270		7				
2	1	57	5	3	2003	750	300	360	360	0		8				
5	2	57	4	3	1979	420	10	12	360	4		7				
2	2	58	3	3	2004	2000	20	10	360	180		6				
2	2	58	8	2	2018	375	5	10	360	0		10				
2	3	58	5	2	2001	600	50	30	360	360		7				
4	1	58	3	4	2013	1125	0	0	360	10		7				
1	1	58	4	2	2003	1100	3	8	360	220		6				
4	2	58	1	3	2009	400	30	0	360	0		4				
4	1	58	3	2	2008	300	12	0	360	360		5				
2	1	58	4	3	2015	400	15	3	360	360		7				
3	1	58	3	5	1990	420	20	20	360	360		8				
4	1	58	4	3	2006	300	10	0	360	300		7				
1	2	58	6	2	1989	2500	30	30	360	360		8				
1	1	58	4	3	2007	428	8	2	360	120		7				
5	2	58	7	3	1995	900	5	0	360	0		10				
1	2	59	6	2	1995	550	7	5	360	360		8				
1	1	59	5	3	2002	1050	4	8	360	180		8				
2	1	59	2	4	2006	900	15	30	360	0		6				
4	1	59	5	2	2000	400	240	2	360	360		7				
2	1	59	1	1	2002	504	1	10	360	360		2				
2	2	59	7	6	1980	750	360	200	360	360		13				
2	2	59	4	7	1984	400	360	360	360	360		11				
2	1	59	6	3	1995	600	100	50	360	360		9				
2	1	59	4	3	2013	750	20	25	360	250		7				
4	2	59	3	4	2009	900	30	24	360	360		7				
3	2	59	3	5	1985	144	10	100	360	0		8				
5	2	59	4	7	1989	500	20	20	360	360		11				
4	2	59	4	8	2014	370	360	360	360	360		12				
1	1	59	2	3	1989	400	150	360	100	0		5				
4	1	59	7	1	2010	800	3	10	360	360		8				
5	2	60	7	3	1999	750	4	5	360	300		10				
5	2	60	4	4	2000	330	100	200	360	150		8				
4	2	60	4	1	2004	760	12	0	360	175		5				
5	2	60	5	3	1983	370	5	15	360	158		8				
4	1	60	3	3	1993	500	3	3	360	300		6				
3	1	60	3	4	2005	400	60	2	360	0		7				
4	1	60	4	1	1994	900	2	2	360	0		5				
2	1	60	3	4	1998	900	20	2	100	80		7				
2	1	60	5	2	1996	500	12	30	360	0		7				
2	2	60	7	3	2009	1500	3	4	60	360		10				
2	1	60	3	4	2016	500	4	50	200	100		7				
2	1	60	4	0	2008	900	5	5	360	360		4				
1	1	60	5	2	1978	300	4	0	360	360		7				
5	1	60	3	7	2014	1000	100	200	360	360		10				
4	3	60	2	2	1990	550	10	0	360	50		4				
2	1	60	5	2	2009	1000	3	5	5	360		7				
1	3	60	0	7	1998	850	20	2	300	0		7				
2	2	60	2	3	2011	600	7	5	360	4		5				
4	1	60	4	4	2017	340	360	20	360	250		8				
2	2	60	3	2	2006	500	10	10	360	360		5				
2	1	60	5	5	2013	325	360	150	360	20		10				
2	1	60	3	3	2018	500	29	99	360	0		6				
2	2	60	4	2	2016	1000	10	3	3	300		6				
3	1	60	7	6	2008	800	30	30	360	300		13				
2	1	60	4	7	2012	875	25	50	360	270		11				
2	1	60	3	2	2009	1000	1	6	360	0		5				
5	1	60	4	8	1998	1000	4	50	360	360		12				
2	1	60	5	2	1992	1000	30	30	360	360		7				
5	1	60	8	3	1994	1000	120	160	360	360		11				
1	2	60	2	2	2011	1500	50	50	360	200		4				
4	2	60	3	6	2017	600	15	20	360	360		9				
4	2	60	2	3	1993	990	2	0	360	0		5				
2	1	60	4	3	2000	1000	3	0	360	360		7				
4	2	60	5	3	2000	700	2	10	360	360		8				
2	1	60	4	4	2002	840	3	20	20	360		8				
2	1	60	5	2	2002	625	52	21	360	300		7				
2	2	60	5	3	2016	900	50	50	40	360		8				
2	2	60	2	2	2009	400	6	0	360	3		4				
2	3	60	1	5	1990	930	13	4	360	0		6				
2	1	60	5	3	1985	650	60	50	100	0		8				
4	2	60	7	6	2012	5000	15	10	360	360		13				
2	4	60	4	6	1975	2000	10	20	360	150		10				
4	1	60	5	4	1987	725	2	7	260	150		9				
4	1	60	3	4	2001	400	10	0	360	0		7				
2	2	60	2	3	2007	650	10	0	360	0		5				
2	1	60	3	3	1990	400	3	0	360	360		6				
2	1	60	2	3	2004	850	3	4	360	0		5				
2	1	60	4	2	1999	350	20	0	360	0		6				
4	1	60	1	4	1974	300	1	6	50	5		5				
2	1	60	5	2	2003	750	5	0	360	360		7				
2	2	60	4	3	2000	300	5	5	360	360		7				
5	1	60	3	5	2013	900	15	15	0	360		8				
2	1	60	3	4	2009	1250	10	7	360	5		7				
5	2	60	2	3	1993	700	5	9	360	250		5				
1	4	60	2	5	2008	600	10	15	6	15		7				
2	1	60	4	4	2019	600	2	0	360	360		8				
4	1	60	1	6	2004	1000	0	4	360	360		7				
1	1	60	2	9	2001	500	10	30	4	0		11				
4	1	60	3	4	2004	500	20	20	360	200		7				
2	1	60	2	2	2010	700	300	100	360	360		4				
3	1	60	3	2	2007	350	7	7	360	320		5				
5	1	60	6	5	1995	500	30	50	100	360		11				
5	2	60	4	4	1995	460	360	360	360	360		8				
4	1	60	3	3	2006	400	360	360	360 	0		6				
2	1	60	5	4	1990	450	15	30	360	100		9				
2	1	60	6	1	2005	2500	50	30	360	190		7				
5	2	60	4	4	2003	650	8	20	360	360		8				
4	2	60	5	5	2001	300	30	360	360	360		10				
4	1	60	5	2	2004	1350	12	24	360	360		7				
5	1	60	3	4	1977	325	0	40	360	360		7				
2	2	60	1	5	2009	540	2	0	360	0		6				
2	1	60	7	4	2014	750	20	4	360	60		11				
5	3	60	4	2	1997	700	70	80	360	360		6				
4	1	60	4	3	1979	400	15	25	360	50		7				
5	1	60	1	2	2005	600	30	50	360	50		3				
3	2	60	9	5	2014	184	3	0	360	360		14				
5	1	60	5	2	1989	400	0	15	360	0		7				
1	1	60	4	3	2005	5000	24	12	360	360		7				
1	2	60	1	6	2013	600	3	15	360	2		7				
4	1	60	2	5	2008	600	10	0	360	100		7				
1	2	60	4	5	2010	600	20	23	360	360		9				
5	1	60	3	3	1979	750	26	0	52	360		6				
1	1	60	3	3	2012	700	24	24	360	12		6				
1	4	60	2	4	1989	500	24	0	360	230		6				
1	4	60	2	6	1984	400	360	360	360	0		8				
4	1	60	3	4	1982	450	20	16	360	360		7				
2	1	60	4	4	1987	440	6	7	360	160		8				
4	2	60	2	3	2009	630	10	20	360	0		5				
1	1	60	3	4	1979	400	360	300	360	0		7				
4	1	60	3	5	2015	350	4	0	360	360		8				
5	1	60	4	2	2000	900	15	7	250	30		6				
1	2	60	3	2	2012	900	2	2	260	180		5				
2	3	60	5	2	2010	600	25	150	360	300		7				
3	2	60	0	10	2008	400	4	6	360	0		10				
3	1	60	3	2	1999	1250	5	8	360	360		5				
4	1	60	4	3	2016	450	10	30	360	360		7				
4	4	60	1	6	1994	500	6	10	360	0		7				
4	1	60	3	10	2009	750	52	12	360	360		13				
4	1	60	3	4	2012	1200	30	2	360	0		7				
2	1	60	3	3	2017	1200	30	2	360	7		6				
2	1	60	3	2	1994	600	20	0	360	360		5				
3	3	60	2	5	2015	1000	52	52	360	360		7				
4	1	60	4	1	1969	350	30	0	360	360		5				
2	1	60	7	5	1989	600	10	5	360	360		12				
1	1	60	6	0	1980	600	30	0	360	360		6				
2	1	60	4	1	1998	1050	15	1	360	360		5				
2	1	60	3	3	1979	500	10	20	360	60		6				
3	3	60	3	8	1999	300	55	10	360	360		11				
4	2	60	8	6	1994	400	57	32	360	42		14				
4	2	60	2	7	1999	750	4	0	360	360		9				
4	1	61	7	4	2005	450	6	0	360	0		11				
2	2	61	3	6	1996	420	50	0	360	52		9				
4	1	61	7	4	2010	1200	25	30	360	300		11				
2	2	61	3	1	2001	250	360	0	360	0		4				
2	2	61	5	5	1994	400	2	15	360	0		10				
4	1	61	4	4	1997	450	5	5	360	360		8				
5	1	61	5	2	2009	1000	2	0	250	360		7				
2	1	61	4	1	2015	400	10	100	360	0		5				
4	1	61	5	1	1999	700	80	0	360	300		6				
5	2	62	4	2	2009	625	13	25	360	360		6				
2	2	62	4	4	1994	750	5	5	360	0		8				
4	1	62	2	2	1994	1000	25	20	360	150		4				
2	1	62	2	1	2009	1200	1	15	360	15		3				
4	1	62	4	4	1999	990	4	0	360	100		8				
2	1	62	3	5	2014	1000	30	20	360	30		8				
4	1	62	4	1	1995	1000	1	4	10	0		5				
4	1	62	4	6	1989	400	52	52	360	360		10				
4	2	62	4	3	1997	400	3	2	360	0		7				
2	1	62	1	3	2007	350	10	2	360	80		4				
2	2	62	1	5	2014	350	110	30	360	90		6				
3	1	62	5	5	2011	300	20	40	360	360		10				
3	2	62	5	4	1984	500	140	100	360	360		9				
2	1	62	1	4	1999	475	2	2	360	0		5				
1	2	62	2	2	1994	600	3	12	360	0		4				
4	2	62	8	3	1979	400	1	2	360	50		11				
1	1	62	2	4	2008	550	20	30	360	0		6				
4	2	62	2	5	2000	1000	15	0	360	360		7				
2	1	62	4	3	2004	1900	30	20	336	336		7				
2	1	62	4	2	2011	520	10	1	360	360		6				
4	2	63	4	4	2007	1000	2	2	360	360		8				
3	2	63	4	1	2003	320	8	30	360	360		5				
3	1	63	2	3	2005	450	50	20	360	0		5				
3	1	63	4	3	1998	650	250	259	360	0		7				
3	2	63	4	1	2003	320	8	30	360	360		5				
2	1	63	4	5	1995	440	35	20	360	60		9				
3	2	63	2	3	2017	450	10	40	360	200		5				
1	2	63	3	4	2006	400	2	10	360	30		7				
5	1	63	4	5	1994	500	30	20	50	100		9				
2	1	63	5	2	2015	450	140	80	360	360		7				
4	1	63	2	3	1986	850	2	2	360	200		5				
4	2	63	2	4	1994	460	5	3	360	250		6				
2	1	64	3	4	2013	290	6	9	360	0		7				
2	2	64	1	1	2008	400	8	3	360	360		2				
4	1	64	4	5	2012	400	18	20	360	90		9				
4	1	64	2	1	2008	360	7	10	360	0		3				
2	1	64	2	8	1999	400	13	12	360	0		10				
4	1	64	5	4	2001	750	35	14	360	0		9				
4	2	64	4	5	2006	1000	15	10	5	360		9				
5	1	64	5	2	1993	1300	70	70	360	360		7				
2	2	64	5	7	2007	2000	3	280	360	360		12				
2	1	64	5	1	1982	1000	6	4	360	300		6				
5	1	65	5	5	2009	450	10	10	360	360		10				
4	1	65	4	3	1992	770	2	0	360	360		7				
4	1	65	4	3	1992	770	2	0	360	360		7				
2	1	65	2	4	2016	1900	24	36	360	360		6				
2	1	65	5	4	1978	1200	4	4	300	0		9				
1	1	65	7	2	1984	1700	208	12	360	360		9				
4	1	65	7	3	2001	650	100	100	300	100		10				
4	1	65	2	3	1994	1100	10	0	360	0		5				
4	1	65	5	4	2018	600	1	10	10	360		9				
4	3	65	1	3	2000	1500	10	50	360	0		4				
2	3	65	2	2	1990	550	10	70	360	360		4				
2	1	65	3	3	1990	500	7	360	360	250		6				
5	2	65	6	3	1989	650	10	0	360	0		9				
4	2	65	4	4	1979	400	10	50	360	0		8				
2	1	65	5	3	2014	1200	60	30	360	360		8				
5	2	65	4	3	2004	450	50	0	360	360		7				
5	1	65	3	2	1984	300	360	1	360	0		5				
4	1	65	3	4	1982	750	2	0	360	360		7				
4	1	65	5	4	1989	506	360	20	360	360		9				
2	1	65	2	3	2004	450	1	0	360	360		5				
4	1	65	4	2	2011	750	180	95	360	0		6				
4	1	65	2	1	1989	800	30	0	360	25		3				
4	2	65	3	5	1989	1000	360	360	360	100		8				
1	4	65	3	3	2011	1200	20	3	360	360		6				
3	2	65	3	4	1977	450	40	360	360	360		7				
2	1	65	4	4	2004	1000	12	0	360	360		8				
2	2	65	11	3	2008	1000	10	15	360	250		14				
4	1	65	7	8	1998	500	15	13	360	280		15				
4	3	65	4	4	1994	300	3	0	360	0		8				
5	3	65	2	5	2003	400	208	200	260	0		7				
2	1	65	2	4	1999	800	4	5	20	25		6				
4	1	65	2	3	2007	400	12	12	270	270		5				
4	1	65	3	5	2008	500	360	200	360	35		8				
2	1	65	3	3	2007	1000	50	20	360	40		6				
2	1	65	6	4	2006	400	150	360	360	0		10				
4	1	65	5	6	1989	400	40	20	360	0		11				
2	1	65	2	2	1999	700	2	60	40	360		4				
2	1	65	2	2	1999	700	2	40	30	360		4				
2	3	65	2	7	2014	700	48	12	360	30		9				
5	3	65	6	3	1993	700	2	2	360	360		9				
4	1	65	4	1	1989	900	2	12	360	360		5				
3	1	65	6	4	1999	1500	10	10	360	0		10				
4	1	65	2	3	1994	1100	10	0	360	0		5				
2	2	65	4	3	2008	450	100	0	360	0		7				
5	1	65	3	3	1985	1200	30	60	360	0		6				
2	1	66	6	3	2004	1200	50	50	360	360		9				
2	1	66	4	2	1989	2500	4	0	360	30		6				
5	1	66	1	4	2007	320	80	90	360	0		5				
2	1	66	3	3	2002	400	20	15	360	150		6				
4	1	66	3	2	1994	900	12	0	360	360		5				
4	1	66	7	2	1992	484	4	52	360	360		9				
2	1	66	4	4	2006	1000	4	2	360	360		8				
4	2	66	4	4	1985	650	5	5	360	3		8				
2	2	66	2	2	2008	350	20	60	360	260		4				
2	1	66	3	2	2009	1800	4	24	360	360		5				
1	2	67	2	2	1999	2500	6	10	360	100		4				
2	2	67	1	5	1995	3000	2	3	360	360		6				
2	2	67	1	5	1995	3000	2	3	360	360		6				
4	1	67	5	4	1986	1000	150	50	360	100		9				
1	4	67	2	3	1991	300	360	360	360	0		5				
1	1	67	3	2	1994	1000	4	360	360	3		5				
1	2	67	10	6	2014	850	36	3	360	360		16				
4	1	67	10	5	1993	700	10	30	360	300		15				
1	1	67	5	4	2004	500	52	5	360	360		9				
4	1	67	5	3	1998	500	10	25	360	100		8				
5	1	67	5	4	2011	870	360	100	360	0		9				
1	1	68	5	3	1999	650	3	4	360	360		8				
1	1	68	3	4	1987	4000	1	10	160	360		7				
2	3	68	4	4	2000	10000	14	30	360	100		8				
5	1	68	8	6	2009	625	10	30	20	360		14				
5	2	68	6	1	1987	400	20	0	360	360		7				
5	3	68	4	0	1986	500	0	0	360	52		4				
2	3	68	3	3	2006	580	10	40	330	300		6				
4	1	68	6	6	1987	400	50	100	360	360		12				
4	1	68	2	3	1998	500	8	20	360	360		5				
4	1	69	2	2	1989	900	200	100	360	300		4				
2	2	69	6	5	1984	600	120	150	200	40		11				
5	1	70	6	3	1994	400	5	10	360	0		9				
4	1	70	2	2	1989	1000	100	2	360	200		4				
3	3	70	3	4	2009	700	24	36	360	360		7				
3	4	70	1	3	1979	500	2	0	360	250		4				
2	1	70	8	4	2013	750	30	30	360	360		12				
2	1	70	3	0	1989	850	4	5	10	200		3				
2	1	70	1	1	1989	1000	100	50	30	20		2				
1	3	70	4	1	2016	300	60	0	360	0		5				
2	1	70	8	4	2013	750	30	30	360	360		12				
2	1	70	3	4	2007	900	20	6	360	15		7				
4	1	70	10	2	1995	750	20	0	360	3		12				
2	1	70	6	4	2009	2500	6	6	360	0		10				
2	1	70	6	3	1990	1200	5	8	360	300		9				
4	3	70	0	0	1992	630	7	3	200	30		0				
4	1	70	2	5	1994	1700	30	40	360	150		7				
2	2	70	2	5	2008	2000	20	40	360	10		7				
1	2	70	4	1	1985	600	20	0	12	360		5				
3	1	70	3	6	1979	400	300	300	360	0		9				
2	1	70	2	2	1987	1200	100	100	360	360		4				
4	1	70	4	4	1994	250	70	90	360	180		8				
2	2	70	4	7	2014	900	20	1	360	300		11				
2	2	70	5	2	1997	660	4	25	100	360		7				
2	1	70	3	4	2003	700	1	1	360	360		7				
4	1	70	5	5	1978	500	104	2	360	0		10				
2	1	70	3	4	1979	600	22	20	360	18		7				
2	3	70	4	4	2000	1500	12	12	360	360		8				
2	2	70	4	6	1998	2000	25	10	360	360		10				
2	1	70	4	3	1999	700	3	4	360	0		7				
5	1	70	3	3	2010	2000	200	50	360	0		6				
4	1	70	6	3	2016	800	30	10	360	360		9				
4	1	70	5	3	2007	900	12	52	360	50		8				
2	1	70	2	3	1999	750	4	4	360	360		5				
5	1	70	5	2	1984	625	80	20	360	360		7				
2	1	70	3	3	1980	170	4	4	360	0		6				
4	1	70	4	8	1995	800	100	40	300	360		12				
5	2	72	4	3	1994	500	20	30	360	80		7				
2	2	72	7	3	2018	450	4	10	360	360		10				
3	3	72	6	6	1999	1000	10	6	360	0		12				
5	2	72	5	4	2011	375	300	60	360	0		9				
1	1	72	4	3	1989	900	100	50	360	360		7				
5	1	72	3	5	1989	450	25	0	360	0		8				
2	3	72	6	11	2010	10000	10	10	330	300		17				
4	2	73	6	4	2014	2000	21	0	360	360		10				
5	1	73	3	5	2012	730	30	15	360	360		8				
4	4	74	4	4	2005	500	30	10	360	360		8				
2	2	75	4	6	2000	2400	1	0	360	360		10				
1	1	75	0	2	1989	1000	4	40	360	360		2				
4	2	75	1	0	1978	640	5	5	360	360		1				
4	1	75	4	1	1985	300	1	2	360	360		5				
1	2	75	4	4	1989	8000	360	12	360	360		8				
1	1	75	3	3	2008	500	100	100	360	0		6				
5	1	75	4	4	1988	400	120	50	360	360		8				
2	1	75	3	3	1984	1000	5	8	360	360		6				
2	3	75	4	4	1989	750	1	1	3	360		8				
5	2	75	7	4	1982	600	10	2	360	60		11				
2	1	75	5	4	1999	950	50	25	360	0		9				
2	3	75	2	2	2018	800	50	0	360	360		4				
5	1	76	2	2	1989	560	6	6	40	0		4				
4	1	76	4	3	1989	800	24	5	200	360		7				
2	1	77	1	1	1994	2000	300	30	360	360		2				
2	1	77	4	5	2003	2500	12	6	100	100		9				
2	2	78	2	1	2011	750	2	10	360	360		3				
1	2	78	2	1	1974	600	50	30	360	360		3				
5	3	78	2	3	1979	600	5	2	360	0		5				
1	1	78	1	3	2004	365	1	1	360	360		4				
2	1	80	4	3	1984	529	5	5	360	200		7				
2	2	80	5	3	1999	700	4	12	360	0		8				
1	3	80	4	6	1979	800	30	20	360	360		10				
4	1	80	3	4	2001	750	40	0	360	360		7				
2	1	80	2	2	2006	1750	25	10	100	250		4				
4	1	80	2	1	1986	800	10	10	360	10		3				
5	2	80	4	2	1984	900	24	0	360	360		6				
1	3	83	2	4	2008	800	10	0	360	360		6				
5	1	83	0	0	1989	700	4	0	360	0		0				
5	3	84	2	3	1994	1000	50	70	360	0		5				
5	1	84	2	1	1989	2000	52	52	52	360		3				
2	1	85	8	6	1985	750	10	20	360	360		14				
1	1	89	3	4	1989	600	50	20	30	60		7				
2	1	0	5	0	2019	400	10	5	360	250		5				
																
																
																
																
																
																
										 						
